# Camera list with one line of data per camera:
#   CAMERA_ID, MODEL, WIDTH, HEIGHT, PARAMS[]
# Number of cameras: 328
1 SIMPLE_RADIAL 3840 2160 3256.8029036327866 1920 1080 -0.0040692740419957267
2 SIMPLE_RADIAL 3840 2160 3258.1451550727543 1920 1080 -0.0036122652446534511
3 SIMPLE_RADIAL 3840 2160 3258.2568756881765 1920 1080 -0.0032920809966570821
4 SIMPLE_RADIAL 3840 2160 3247.1670526027488 1920 1080 -0.0054334193089306763
5 SIMPLE_RADIAL 3840 2160 3243.3891470573458 1920 1080 -0.0058337081334185444
6 SIMPLE_RADIAL 3840 2160 3249.1522668232174 1920 1080 -0.0051852032668894014
7 SIMPLE_RADIAL 3840 2160 3239.1983334158681 1920 1080 -0.0087039061666309338
8 SIMPLE_RADIAL 3840 2160 3243.2925162760889 1920 1080 -0.010342936436066142
9 SIMPLE_RADIAL 3840 2160 3241.1617304175611 1920 1080 -0.0083116707362703782
10 SIMPLE_RADIAL 3840 2160 3242.6508199049304 1920 1080 -0.01194697465247218
11 SIMPLE_RADIAL 3840 2160 3245.7527192789566 1920 1080 0.00074129112553680246
12 SIMPLE_RADIAL 3840 2160 3246.6804039210047 1920 1080 -0.0059718305534926883
13 SIMPLE_RADIAL 3840 2160 3257.0079280235655 1920 1080 0.0039901620191612744
14 SIMPLE_RADIAL 3840 2160 3248.5658392843106 1920 1080 0.00045691930193696953
15 SIMPLE_RADIAL 3840 2160 3206.8867024966844 1920 1080 0.0018053207256303065
16 SIMPLE_RADIAL 3840 2160 3103.7701309369204 1920 1080 -0.0036781657765386027
17 SIMPLE_RADIAL 3840 2160 3213.5048500095349 1920 1080 -9.4179949250172574e-05
18 SIMPLE_RADIAL 3840 2160 3253.9096715940382 1920 1080 0.0092335353897713014
19 SIMPLE_RADIAL 3840 2160 3202.9335825481976 1920 1080 0.0071935630255390553
20 SIMPLE_RADIAL 3840 2160 3107.5743383546624 1920 1080 0.01675880810366516
21 SIMPLE_RADIAL 3840 2160 3186.7386148512828 1920 1080 -0.0028903208910114023
22 SIMPLE_RADIAL 3840 2160 3209.538905840639 1920 1080 -0.015439268202122738
23 SIMPLE_RADIAL 3840 2160 3219.2872385695532 1920 1080 -0.01996310975326376
24 SIMPLE_RADIAL 3840 2160 3231.7004427095835 1920 1080 -0.017153054164679282
25 SIMPLE_RADIAL 3840 2160 3246.5578225958529 1920 1080 -0.026992406375966088
26 SIMPLE_RADIAL 3840 2160 3233.7996643678352 1920 1080 -0.023705366182768976
27 SIMPLE_RADIAL 3840 2160 3230.3694806325493 1920 1080 -0.026953028662910012
28 SIMPLE_RADIAL 3840 2160 3236.5513846053054 1920 1080 -0.032222871277452554
29 SIMPLE_RADIAL 3840 2160 3252.2054499305541 1920 1080 -0.038413735164521623
30 SIMPLE_RADIAL 3840 2160 3252.9031675485558 1920 1080 -0.037026560491080135
31 SIMPLE_RADIAL 3840 2160 3254.9315859280564 1920 1080 -0.038538241853314018
32 SIMPLE_RADIAL 3840 2160 3268.1525492008786 1920 1080 -0.040347923751949656
33 SIMPLE_RADIAL 3840 2160 3278.6877587314975 1920 1080 -0.035544967539614697
34 SIMPLE_RADIAL 3840 2160 3264.1000995636323 1920 1080 -0.020334440528376935
35 SIMPLE_RADIAL 3840 2160 3259.810445314411 1920 1080 -0.00021795257307399358
36 SIMPLE_RADIAL 3840 2160 3204.8585588746109 1920 1080 -0.0014589816877476343
37 SIMPLE_RADIAL 3840 2160 3215.5425677470434 1920 1080 0.0043912441683469326
38 SIMPLE_RADIAL 3840 2160 3184.1883046320236 1920 1080 0.0070905911244790011
39 SIMPLE_RADIAL 3840 2160 3163.383720247265 1920 1080 0.027501503102174359
40 SIMPLE_RADIAL 3840 2160 3155.1822364806289 1920 1080 0.013141916501867013
45 SIMPLE_RADIAL 3840 2160 3024.0851641969343 1920 1080 -0.026792253906564589
46 SIMPLE_RADIAL 3840 2160 3026.8596527795257 1920 1080 -0.011310728342913046
47 SIMPLE_RADIAL 3840 2160 3035.8652396098951 1920 1080 -0.020748291913330216
48 SIMPLE_RADIAL 3840 2160 3023.6937088630057 1920 1080 -0.0089923254651553524
49 SIMPLE_RADIAL 3840 2160 2923.2362215915559 1920 1080 0.0075008306271708465
50 SIMPLE_RADIAL 3840 2160 3010.0502395095828 1920 1080 -0.00039853227271062784
51 SIMPLE_RADIAL 3840 2160 3025.765672830446 1920 1080 -0.0038047872845795197
52 SIMPLE_RADIAL 3840 2160 2991.7063157158459 1920 1080 0.0065344374289520116
53 SIMPLE_RADIAL 3840 2160 3073.5508147386495 1920 1080 0.015062223078037734
54 SIMPLE_RADIAL 3840 2160 3006.296226301934 1920 1080 0.020233784810087342
55 SIMPLE_RADIAL 3840 2160 3066.9861224727119 1920 1080 0.018961263924129893
56 SIMPLE_RADIAL 3840 2160 3281.2192415604795 1920 1080 -0.015303427988868074
57 SIMPLE_RADIAL 3840 2160 3207.6315667274439 1920 1080 -0.011900190398045572
58 SIMPLE_RADIAL 3840 2160 3216.9096706135383 1920 1080 0.0068219133407241787
59 SIMPLE_RADIAL 3840 2160 3247.7611412603928 1920 1080 0.020420917557836909
60 SIMPLE_RADIAL 3840 2160 3229.9230866224389 1920 1080 0.020788765304060812
61 SIMPLE_RADIAL 3840 2160 3244.5314811745998 1920 1080 0.020567477542302714
62 SIMPLE_RADIAL 3840 2160 3239.9894198017241 1920 1080 0.022305537997797938
63 SIMPLE_RADIAL 3840 2160 3235.9296401811844 1920 1080 0.019379162624533593
64 SIMPLE_RADIAL 3840 2160 3232.6074710742605 1920 1080 0.01834915551368764
65 SIMPLE_RADIAL 3840 2160 3223.1051064538465 1920 1080 0.030570846225492991
66 SIMPLE_RADIAL 3840 2160 3136.4539644204233 1920 1080 0.015813053595465889
67 SIMPLE_RADIAL 3840 2160 3223.189210595825 1920 1080 0.031673864758983226
68 SIMPLE_RADIAL 3840 2160 3244.4552144951358 1920 1080 0.02006868749606576
69 SIMPLE_RADIAL 3840 2160 3273.7912834159488 1920 1080 0.019685292931985544
70 SIMPLE_RADIAL 3840 2160 3273.6184221234976 1920 1080 0.021218363693436125
71 SIMPLE_RADIAL 3840 2160 3273.8701204878239 1920 1080 0.023615849623712167
72 SIMPLE_RADIAL 3840 2160 3253.4958583572038 1920 1080 0.029342771011998923
73 SIMPLE_RADIAL 3840 2160 3264.1720177247525 1920 1080 0.027137208294612292
74 SIMPLE_RADIAL 3840 2160 3276.5712157006678 1920 1080 0.021058906830412713
75 SIMPLE_RADIAL 3840 2160 3293.9219675242589 1920 1080 0.025986688173455647
76 SIMPLE_RADIAL 3840 2160 3269.6615524326953 1920 1080 0.017666414775471189
77 SIMPLE_RADIAL 3840 2160 3280.724132093917 1920 1080 0.02324342516404055
78 SIMPLE_RADIAL 3840 2160 3285.5091042472782 1920 1080 0.023715610653073923
79 SIMPLE_RADIAL 3840 2160 3296.0725016937422 1920 1080 0.024322894536015594
80 SIMPLE_RADIAL 3840 2160 3305.9665172095333 1920 1080 0.016671471402867549
81 SIMPLE_RADIAL 3840 2160 3337.0637957493118 1920 1080 0.024940492576901511
82 SIMPLE_RADIAL 3840 2160 3283.873714008907 1920 1080 -0.0088612611815674057
83 SIMPLE_RADIAL 3840 2160 3280.8829010129007 1920 1080 0.023391367436121156
84 SIMPLE_RADIAL 3840 2160 3256.926124877677 1920 1080 0.022946488485266273
85 SIMPLE_RADIAL 3840 2160 3271.7025846112606 1920 1080 0.019814720424851943
86 SIMPLE_RADIAL 3840 2160 3270.440937332366 1920 1080 0.018382632523377993
87 SIMPLE_RADIAL 3840 2160 3271.700946835168 1920 1080 0.016028113675556111
88 SIMPLE_RADIAL 3840 2160 3275.1291569163013 1920 1080 0.015437323841895145
89 SIMPLE_RADIAL 3840 2160 3273.8142344378002 1920 1080 0.012697520833387479
90 SIMPLE_RADIAL 3840 2160 3288.8137599535612 1920 1080 0.0024131962627571696
91 SIMPLE_RADIAL 3840 2160 3299.9163400888306 1920 1080 -0.00032188533652579735
92 SIMPLE_RADIAL 3840 2160 3291.2470326196667 1920 1080 -0.0021650328679199437
93 SIMPLE_RADIAL 3840 2160 3256.490489003153 1920 1080 0.01319448852581542
94 SIMPLE_RADIAL 3840 2160 3246.9609004876556 1920 1080 0.0087954150196847703
95 SIMPLE_RADIAL 3840 2160 3275.4532646955909 1920 1080 -0.0062519411673268958
96 SIMPLE_RADIAL 3840 2160 3307.3534032887637 1920 1080 -0.0041942416566126753
97 SIMPLE_RADIAL 3840 2160 3303.336972543601 1920 1080 0.00038795800670779327
98 SIMPLE_RADIAL 3840 2160 3305.2704644800187 1920 1080 0.0040131327955598298
99 SIMPLE_RADIAL 3840 2160 3291.7805707055163 1920 1080 0.0063089880075266475
100 SIMPLE_RADIAL 3840 2160 3272.0527805809165 1920 1080 0.007306316470928601
101 SIMPLE_RADIAL 3840 2160 3315.6245037211152 1920 1080 0.0090254565693913373
102 SIMPLE_RADIAL 3840 2160 3328.9348056666508 1920 1080 -0.00064144254041691943
103 SIMPLE_RADIAL 3840 2160 3312.1466702744397 1920 1080 0.0033518350718121418
104 SIMPLE_RADIAL 3840 2160 3307.835459021559 1920 1080 -0.0034769816627763361
105 SIMPLE_RADIAL 3840 2160 3277.9076108255667 1920 1080 0.010317041486366217
106 SIMPLE_RADIAL 3840 2160 3314.1775375217298 1920 1080 0.0030355343362610198
107 SIMPLE_RADIAL 3840 2160 3364.8981800187016 1920 1080 -0.0038373922958786543
108 SIMPLE_RADIAL 3840 2160 3372.0814840679577 1920 1080 -0.0099945331354299536
109 SIMPLE_RADIAL 3840 2160 3360.2391735551791 1920 1080 -0.011373385758857124
110 SIMPLE_RADIAL 3840 2160 3359.2649306570479 1920 1080 -0.011227035633773752
111 SIMPLE_RADIAL 3840 2160 3341.8740223032437 1920 1080 -0.0067670091121971509
112 SIMPLE_RADIAL 3840 2160 3344.883799256691 1920 1080 -0.012447623915321051
113 SIMPLE_RADIAL 3840 2160 3396.1850768006093 1920 1080 -0.021550119534739585
114 SIMPLE_RADIAL 3840 2160 3375.9093009723792 1920 1080 -0.022176557142455543
115 SIMPLE_RADIAL 3840 2160 3363.8873667658377 1920 1080 -0.024911613901922772
116 SIMPLE_RADIAL 3840 2160 3352.8459377955801 1920 1080 -0.018502927646795425
117 SIMPLE_RADIAL 3840 2160 3313.7789969625856 1920 1080 -0.015768714432319871
118 SIMPLE_RADIAL 3840 2160 3322.7432030447239 1920 1080 -0.013784839070626415
119 SIMPLE_RADIAL 3840 2160 3322.6162562145055 1920 1080 -0.01164656770453331
120 SIMPLE_RADIAL 3840 2160 3325.5001654325347 1920 1080 -0.0045487651756828942
121 SIMPLE_RADIAL 3840 2160 3319.1288796153453 1920 1080 0.00038660397350493163
122 SIMPLE_RADIAL 3840 2160 3292.0766747148828 1920 1080 0.0077350200262395839
123 SIMPLE_RADIAL 3840 2160 3285.5061955214364 1920 1080 0.016702517064534725
124 SIMPLE_RADIAL 3840 2160 3265.366024842016 1920 1080 0.017869490140072018
125 SIMPLE_RADIAL 3840 2160 3268.0669020042078 1920 1080 0.022622185441334333
126 SIMPLE_RADIAL 3840 2160 3252.3302621164253 1920 1080 0.023140596055746896
127 SIMPLE_RADIAL 3840 2160 3266.3422935403905 1920 1080 0.019934987165032666
128 SIMPLE_RADIAL 3840 2160 3269.5153989670011 1920 1080 0.01662209273136786
129 SIMPLE_RADIAL 3840 2160 3256.5010146266377 1920 1080 0.021932325557474514
130 SIMPLE_RADIAL 3840 2160 3253.7682322154519 1920 1080 0.022927344656332921
131 SIMPLE_RADIAL 3840 2160 3258.4413131611404 1920 1080 0.0168354984853562
132 SIMPLE_RADIAL 3840 2160 3261.6953322669174 1920 1080 0.018194952345641235
133 SIMPLE_RADIAL 3840 2160 3288.9238127178492 1920 1080 0.0057153741514205719
134 SIMPLE_RADIAL 3840 2160 3274.4673230466651 1920 1080 0.016183394831113952
135 SIMPLE_RADIAL 3840 2160 3261.4867200083677 1920 1080 0.027553647943663769
136 SIMPLE_RADIAL 3840 2160 3280.2093365668375 1920 1080 0.017846298474481995
137 SIMPLE_RADIAL 3840 2160 3280.2963995759924 1920 1080 0.01429814671124493
138 SIMPLE_RADIAL 3840 2160 3277.1042330962532 1920 1080 0.0052396858515031172
139 SIMPLE_RADIAL 3840 2160 3282.7113008855695 1920 1080 0.010861743245137003
140 SIMPLE_RADIAL 3840 2160 3269.6625983991289 1920 1080 0.017429060411446946
141 SIMPLE_RADIAL 3840 2160 3293.2038112893201 1920 1080 0.011806724186516449
142 SIMPLE_RADIAL 3840 2160 3269.2457616625802 1920 1080 0.024722334681456175
143 SIMPLE_RADIAL 3840 2160 3280.3135962195324 1920 1080 0.025062481277574118
144 SIMPLE_RADIAL 3840 2160 3326.3478678227275 1920 1080 0.036248432289389669
145 SIMPLE_RADIAL 3840 2160 3276.3288530076697 1920 1080 0.032781703347658037
146 SIMPLE_RADIAL 3840 2160 3304.6481561140099 1920 1080 0.031274731910314595
147 SIMPLE_RADIAL 3840 2160 3268.2276101015041 1920 1080 0.036293093197904087
148 SIMPLE_RADIAL 3840 2160 3263.0329677300333 1920 1080 0.029853895447101885
149 SIMPLE_RADIAL 3840 2160 3255.6313462431226 1920 1080 0.027888489324205051
150 SIMPLE_RADIAL 3840 2160 3258.3427295217239 1920 1080 0.024767169693831994
151 SIMPLE_RADIAL 3840 2160 3263.9509890405657 1920 1080 0.020441583695129887
152 SIMPLE_RADIAL 3840 2160 3262.620804278683 1920 1080 0.018499525487613237
153 SIMPLE_RADIAL 3840 2160 3267.4156392371615 1920 1080 0.020795576365017773
154 SIMPLE_RADIAL 3840 2160 3268.6492621060065 1920 1080 0.022106707179075136
155 SIMPLE_RADIAL 3840 2160 3274.2853992637183 1920 1080 0.019835228198348927
156 SIMPLE_RADIAL 3840 2160 3271.1874233041885 1920 1080 0.020301154553912251
157 SIMPLE_RADIAL 3840 2160 3274.1489565288416 1920 1080 0.020522284474227014
158 SIMPLE_RADIAL 3840 2160 3294.8113206095277 1920 1080 0.012778098694543471
159 SIMPLE_RADIAL 3840 2160 3302.3540906367375 1920 1080 0.0097125101711375665
160 SIMPLE_RADIAL 3840 2160 3267.8837861112279 1920 1080 0.022002687923900921
161 SIMPLE_RADIAL 3840 2160 3268.8073041834714 1920 1080 0.027130026693680333
162 SIMPLE_RADIAL 3840 2160 3264.1865086737125 1920 1080 0.032702547402030817
163 SIMPLE_RADIAL 3840 2160 3265.5270147402002 1920 1080 0.033614456521553059
164 SIMPLE_RADIAL 3840 2160 3264.3285496591648 1920 1080 0.029539816235190742
165 SIMPLE_RADIAL 3840 2160 3257.8935455509795 1920 1080 0.039240038537298134
166 SIMPLE_RADIAL 3840 2160 3273.3021999753382 1920 1080 0.030533111839037501
167 SIMPLE_RADIAL 3840 2160 3272.8279224401795 1920 1080 0.034341913149094565
168 SIMPLE_RADIAL 3840 2160 3243.1384746009103 1920 1080 0.045344422650626694
169 SIMPLE_RADIAL 3840 2160 3248.8340464936896 1920 1080 0.039905852020852103
170 SIMPLE_RADIAL 3840 2160 3270.434339873525 1920 1080 0.035739947032583042
171 SIMPLE_RADIAL 3840 2160 3261.0801538617834 1920 1080 0.026913757908978611
172 SIMPLE_RADIAL 3840 2160 3275.1086076248298 1920 1080 0.020660352594679066
173 SIMPLE_RADIAL 3840 2160 3257.8324250812025 1920 1080 0.023295888589835362
174 SIMPLE_RADIAL 3840 2160 3280.5396040064429 1920 1080 0.033687035748439322
175 SIMPLE_RADIAL 3840 2160 3269.745951020026 1920 1080 0.03970015433965577
176 SIMPLE_RADIAL 3840 2160 3289.462195085041 1920 1080 0.047717502962885398
177 SIMPLE_RADIAL 3840 2160 3270.8032522287626 1920 1080 0.046289347296423013
178 SIMPLE_RADIAL 3840 2160 3259.7086043663294 1920 1080 0.048036264067695407
179 SIMPLE_RADIAL 3840 2160 3265.0116235719574 1920 1080 0.041873376903485561
180 SIMPLE_RADIAL 3840 2160 3261.6262731853067 1920 1080 0.039962034971417405
181 SIMPLE_RADIAL 3840 2160 3246.9613394874732 1920 1080 0.034455684670107047
182 SIMPLE_RADIAL 3840 2160 3244.1223304757327 1920 1080 0.033233036552532402
183 SIMPLE_RADIAL 3840 2160 3232.8212263693517 1920 1080 0.031175736451901508
184 SIMPLE_RADIAL 3840 2160 3239.4532054699725 1920 1080 0.021836618816774733
185 SIMPLE_RADIAL 3840 2160 3250.2488007670831 1920 1080 0.012981996044177338
186 SIMPLE_RADIAL 3840 2160 3246.3978232612039 1920 1080 0.015993026747334889
187 SIMPLE_RADIAL 3840 2160 3258.2954419010234 1920 1080 0.0086998594593536253
188 SIMPLE_RADIAL 3840 2160 3250.8369696950963 1920 1080 0.0080202420300373393
189 SIMPLE_RADIAL 3840 2160 3251.7825646032543 1920 1080 0.010472338382434467
190 SIMPLE_RADIAL 3840 2160 3256.2792712980163 1920 1080 0.0030437800078453813
191 SIMPLE_RADIAL 3840 2160 3262.6183541216869 1920 1080 0.018693582249250662
192 SIMPLE_RADIAL 3840 2160 3278.2554279587453 1920 1080 0.015104103234933275
193 SIMPLE_RADIAL 3840 2160 3301.9996238679591 1920 1080 0.0071823270618545151
194 SIMPLE_RADIAL 3840 2160 3336.3012348399948 1920 1080 -0.0095126461789248919
195 SIMPLE_RADIAL 3840 2160 3334.2034109055876 1920 1080 0.0076005745697400092
196 SIMPLE_RADIAL 3840 2160 3343.8681467503229 1920 1080 -0.0011451432066140349
197 SIMPLE_RADIAL 3840 2160 3342.8100104500677 1920 1080 0.00035496951184822012
198 SIMPLE_RADIAL 3840 2160 3361.3057704420198 1920 1080 -0.0049979583068334903
199 SIMPLE_RADIAL 3840 2160 3383.345055491252 1920 1080 -0.011989419614292542
200 SIMPLE_RADIAL 3840 2160 3380.2938811448539 1920 1080 -0.018584589590790315
201 SIMPLE_RADIAL 3840 2160 3382.3178946117137 1920 1080 -0.014779668334898011
202 SIMPLE_RADIAL 3840 2160 3372.097515263265 1920 1080 -0.011065032124745598
203 SIMPLE_RADIAL 3840 2160 3322.4685007972475 1920 1080 -0.0078806184386604767
204 SIMPLE_RADIAL 3840 2160 3333.3022228296027 1920 1080 -0.011057699765054311
205 SIMPLE_RADIAL 3840 2160 3323.3261606976671 1920 1080 -0.0040914489901059253
206 SIMPLE_RADIAL 3840 2160 3284.6695885818754 1920 1080 0.012558345250518353
207 SIMPLE_RADIAL 3840 2160 3247.3718534765358 1920 1080 0.0056653115346986232
208 SIMPLE_RADIAL 3840 2160 3240.7965517363373 1920 1080 0.013018650825991266
209 SIMPLE_RADIAL 3840 2160 3265.894396369375 1920 1080 0.014047010596326225
210 SIMPLE_RADIAL 3840 2160 3252.3984219395988 1920 1080 0.026304491468589555
211 SIMPLE_RADIAL 3840 2160 3244.916217583489 1920 1080 0.034628598270687524
212 SIMPLE_RADIAL 3840 2160 3243.3413177521979 1920 1080 0.037584969984783334
213 SIMPLE_RADIAL 3840 2160 3221.8552172110949 1920 1080 0.04503851443722285
214 SIMPLE_RADIAL 3840 2160 3228.0870630345471 1920 1080 0.038100112970992299
215 SIMPLE_RADIAL 3840 2160 3219.580329086984 1920 1080 0.04150658864568936
216 SIMPLE_RADIAL 3840 2160 3217.5730600944908 1920 1080 0.040489049962194733
217 SIMPLE_RADIAL 3840 2160 3206.8028403243875 1920 1080 0.036626833094767088
218 SIMPLE_RADIAL 3840 2160 3194.1605891527161 1920 1080 0.029971152251450611
219 SIMPLE_RADIAL 3840 2160 3219.2115171472374 1920 1080 0.019155440616008872
220 SIMPLE_RADIAL 3840 2160 3193.75238814554 1920 1080 0.025073016321159377
221 SIMPLE_RADIAL 3840 2160 3201.5143684627683 1920 1080 0.022251974577834271
222 SIMPLE_RADIAL 3840 2160 3212.0526147524529 1920 1080 0.024179575226802294
223 SIMPLE_RADIAL 3840 2160 3207.6857950649305 1920 1080 0.028147464511024785
224 SIMPLE_RADIAL 3840 2160 3198.8926230681841 1920 1080 0.036861559703142324
225 SIMPLE_RADIAL 3840 2160 3163.6867557267428 1920 1080 0.040412313271185246
226 SIMPLE_RADIAL 3840 2160 3188.1022440672882 1920 1080 0.036309808213352258
227 SIMPLE_RADIAL 3840 2160 3195.1933910684779 1920 1080 0.021493900693486275
228 SIMPLE_RADIAL 3840 2160 3150.5047634781199 1920 1080 0.033021862002799045
229 SIMPLE_RADIAL 3840 2160 3168.305858696106 1920 1080 0.031692435214102831
230 SIMPLE_RADIAL 3840 2160 3182.0399430645512 1920 1080 0.028022845709339609
231 SIMPLE_RADIAL 3840 2160 3203.0155344083355 1920 1080 0.02301890065886382
232 SIMPLE_RADIAL 3840 2160 3208.8325110742762 1920 1080 0.018745651603164461
233 SIMPLE_RADIAL 3840 2160 3212.7945114145364 1920 1080 0.01430677241848507
234 SIMPLE_RADIAL 3840 2160 3221.8316881949245 1920 1080 0.013685865555854451
235 SIMPLE_RADIAL 3840 2160 3229.5639900692786 1920 1080 0.011957504289342362
236 SIMPLE_RADIAL 3840 2160 3233.5558799383066 1920 1080 0.0096530048896684151
237 SIMPLE_RADIAL 3840 2160 3242.5912508767815 1920 1080 0.01418442549772311
238 SIMPLE_RADIAL 3840 2160 3253.9459894122388 1920 1080 0.0072451579394094724
239 SIMPLE_RADIAL 3840 2160 3239.6188099867759 1920 1080 0.0072963895547743067
240 SIMPLE_RADIAL 3840 2160 3248.0891628264285 1920 1080 0.0051201783527887786
241 SIMPLE_RADIAL 3840 2160 3251.6945895799072 1920 1080 0.0017967349125768107
242 SIMPLE_RADIAL 3840 2160 3252.9896496867927 1920 1080 -0.0034912715358467634
243 SIMPLE_RADIAL 3840 2160 3242.1160802013628 1920 1080 0.0030059798474245778
244 SIMPLE_RADIAL 3840 2160 3266.4250630912147 1920 1080 0.00074339952998801143
245 SIMPLE_RADIAL 3840 2160 3267.2574536025872 1920 1080 -0.004336857327404393
246 SIMPLE_RADIAL 3840 2160 3239.4723825133838 1920 1080 0.0033408490068190357
247 SIMPLE_RADIAL 3840 2160 3250.5666480489954 1920 1080 0.0014293588180676461
248 SIMPLE_RADIAL 3840 2160 3226.1411940241319 1920 1080 0.0023513331729099174
249 SIMPLE_RADIAL 3840 2160 3262.2076715808207 1920 1080 0.0051759462655307916
250 SIMPLE_RADIAL 3840 2160 3224.2345072012886 1920 1080 0.014866369621104812
251 SIMPLE_RADIAL 3840 2160 3227.3255154792382 1920 1080 0.016380295813389421
252 SIMPLE_RADIAL 3840 2160 3193.0792434160817 1920 1080 0.016630637580671695
253 SIMPLE_RADIAL 3840 2160 3221.3310575484156 1920 1080 0.0085508986406417596
254 SIMPLE_RADIAL 3840 2160 3214.697480601179 1920 1080 0.011331879367884727
255 SIMPLE_RADIAL 3840 2160 3240.8525873969661 1920 1080 0.0090188627964124003
256 SIMPLE_RADIAL 3840 2160 3216.3672008302151 1920 1080 0.011475963747803816
257 SIMPLE_RADIAL 3840 2160 3228.7172338050218 1920 1080 0.0083033978937119696
258 SIMPLE_RADIAL 3840 2160 3226.6655445313731 1920 1080 -0.00067770320680311769
259 SIMPLE_RADIAL 3840 2160 3239.8011387217671 1920 1080 0.001602034917955186
260 SIMPLE_RADIAL 3840 2160 3255.0666828527851 1920 1080 0.0038473802891687962
261 SIMPLE_RADIAL 3840 2160 3247.5753379468533 1920 1080 0.0060310925866176616
262 SIMPLE_RADIAL 3840 2160 3248.105846764176 1920 1080 -0.0020006758102603553
263 SIMPLE_RADIAL 3840 2160 3261.1314940023417 1920 1080 0.00082511211805951965
264 SIMPLE_RADIAL 3840 2160 3273.6003420857778 1920 1080 -0.0070024457686666906
265 SIMPLE_RADIAL 3840 2160 3274.3445591360164 1920 1080 -0.0067398038204183599
266 SIMPLE_RADIAL 3840 2160 3267.1467631314872 1920 1080 -0.0085564267932723564
267 SIMPLE_RADIAL 3840 2160 3261.0185525067518 1920 1080 -0.0090619232392810407
268 SIMPLE_RADIAL 3840 2160 3272.6183684252205 1920 1080 -0.016512225605543666
269 SIMPLE_RADIAL 3840 2160 3261.2813896921321 1920 1080 -0.021374118904948749
270 SIMPLE_RADIAL 3840 2160 3251.5596862837306 1920 1080 -0.025620329917961517
271 SIMPLE_RADIAL 3840 2160 3289.9603039176886 1920 1080 -0.0068903796282249576
272 SIMPLE_RADIAL 3840 2160 3310.1019150713646 1920 1080 -0.023959367130815659
273 SIMPLE_RADIAL 3840 2160 3298.2645662976397 1920 1080 -0.021234189300511259
274 SIMPLE_RADIAL 3840 2160 3291.177270997925 1920 1080 -0.019562721499276192
275 SIMPLE_RADIAL 3840 2160 3277.2855412662934 1920 1080 -0.032911375891971406
276 SIMPLE_RADIAL 3840 2160 3284.4642750278449 1920 1080 -0.022107955532302975
277 SIMPLE_RADIAL 3840 2160 3302.22698613069 1920 1080 -0.023276236623124929
278 SIMPLE_RADIAL 3840 2160 3287.5886404487146 1920 1080 -0.016012272103877258
279 SIMPLE_RADIAL 3840 2160 3282.3881391430054 1920 1080 -0.015944101637092631
280 SIMPLE_RADIAL 3840 2160 3297.8934708798379 1920 1080 0.0093647774074394775
281 SIMPLE_RADIAL 3840 2160 3286.8859879988995 1920 1080 -0.0072988874383406351
282 SIMPLE_RADIAL 3840 2160 3300.1990555453895 1920 1080 -0.019836455708295168
283 SIMPLE_RADIAL 3840 2160 3293.6100444783019 1920 1080 -0.012348277064486475
284 SIMPLE_RADIAL 3840 2160 3322.4636377512393 1920 1080 -0.029204294114956116
285 SIMPLE_RADIAL 3840 2160 3281.7382059938036 1920 1080 -0.031005156066872784
286 SIMPLE_RADIAL 3840 2160 3315.7599398683101 1920 1080 -0.026293129030393929
287 SIMPLE_RADIAL 3840 2160 3315.6918216943645 1920 1080 -0.019850475969417691
288 SIMPLE_RADIAL 3840 2160 3316.0272526111171 1920 1080 0.00044207109423219669
289 SIMPLE_RADIAL 3840 2160 3294.1347499077115 1920 1080 0.010926293805647346
290 SIMPLE_RADIAL 3840 2160 3288.5572881222588 1920 1080 0.020062024193711971
291 SIMPLE_RADIAL 3840 2160 3252.0879032247008 1920 1080 0.025287231619959213
292 SIMPLE_RADIAL 3840 2160 3210.4074816482093 1920 1080 0.037968602836333
293 SIMPLE_RADIAL 3840 2160 3231.0705878595777 1920 1080 0.017187610733143437
294 SIMPLE_RADIAL 3840 2160 3225.1103344620669 1920 1080 0.013592833631350314
295 SIMPLE_RADIAL 3840 2160 3217.310148883199 1920 1080 0.019074865800858168
296 SIMPLE_RADIAL 3840 2160 3218.185004711424 1920 1080 0.014908214586449706
297 SIMPLE_RADIAL 3840 2160 3220.01224417699 1920 1080 0.0092017714718155424
298 SIMPLE_RADIAL 3840 2160 3212.858206167647 1920 1080 0.0070770522893729721
299 SIMPLE_RADIAL 3840 2160 3224.2015347910228 1920 1080 0.0074212401481932059
300 SIMPLE_RADIAL 3840 2160 3228.0583954220183 1920 1080 0.0046319806126338446
301 SIMPLE_RADIAL 3840 2160 3222.550740710974 1920 1080 0.0047486881383440992
302 SIMPLE_RADIAL 3840 2160 3234.4060785478118 1920 1080 0.005587020412493697
303 SIMPLE_RADIAL 3840 2160 3245.5343786402345 1920 1080 0.0047758619204063373
304 SIMPLE_RADIAL 3840 2160 3244.2682857004024 1920 1080 0.0049649330475300844
305 SIMPLE_RADIAL 3840 2160 3226.2435716444461 1920 1080 0.0046389584249460032
306 SIMPLE_RADIAL 3840 2160 3234.316983219614 1920 1080 0.0037133227039716078
307 SIMPLE_RADIAL 3840 2160 3235.496190071789 1920 1080 0.0054876051982985299
308 SIMPLE_RADIAL 3840 2160 3227.4675687340732 1920 1080 0.0068950710078299572
309 SIMPLE_RADIAL 3840 2160 3234.6427885373305 1920 1080 0.0033206078029521485
310 SIMPLE_RADIAL 3840 2160 3233.0253004284382 1920 1080 0.002465003054065999
311 SIMPLE_RADIAL 3840 2160 3240.6233706652706 1920 1080 0.00067172551779045154
312 SIMPLE_RADIAL 3840 2160 3241.256465278233 1920 1080 -0.00066823562842495323
313 SIMPLE_RADIAL 3840 2160 3260.5086801097536 1920 1080 -0.0098439069742259997
314 SIMPLE_RADIAL 3840 2160 3267.5118123221237 1920 1080 -0.011260663083498176
315 SIMPLE_RADIAL 3840 2160 3259.5094902753694 1920 1080 -0.0089112131265340934
316 SIMPLE_RADIAL 3840 2160 3265.3866837069504 1920 1080 -0.0050981700721005859
317 SIMPLE_RADIAL 3840 2160 3253.2369161637912 1920 1080 0.0023812476057650852
318 SIMPLE_RADIAL 3840 2160 3252.4434314306718 1920 1080 0.00092092691668076263
319 SIMPLE_RADIAL 3840 2160 3236.8122639489156 1920 1080 0.0073252341798255528
320 SIMPLE_RADIAL 3840 2160 3247.9007000869165 1920 1080 0.0058233093388892765
321 SIMPLE_RADIAL 3840 2160 3247.7718875524001 1920 1080 0.0042975992761958509
322 SIMPLE_RADIAL 3840 2160 3240.403130823177 1920 1080 0.0043065807395507062
323 SIMPLE_RADIAL 3840 2160 3247.9429606303529 1920 1080 0.0045863168253179329
324 SIMPLE_RADIAL 3840 2160 3237.7408927893507 1920 1080 0.0054218783157614315
325 SIMPLE_RADIAL 3840 2160 3229.8800445528896 1920 1080 0.00069358307831835192
326 SIMPLE_RADIAL 3840 2160 3237.2838082445737 1920 1080 -0.00086909229005065907
327 SIMPLE_RADIAL 3840 2160 3228.759335427008 1920 1080 5.8627415770643621e-05
328 SIMPLE_RADIAL 3840 2160 3235.3665498446408 1920 1080 -0.0013642545779837896
329 SIMPLE_RADIAL 3840 2160 3243.147487866564 1920 1080 0.00023187536305555904
330 SIMPLE_RADIAL 3840 2160 3221.9484946409648 1920 1080 0.0042847794767994947
331 SIMPLE_RADIAL 3840 2160 3222.136937494015 1920 1080 0.0012075135057754514
332 SIMPLE_RADIAL 3840 2160 3224.635726771518 1920 1080 0.0049944366930345305
