# Camera list with one line of data per camera:
#   CAMERA_ID, MODEL, WIDTH, HEIGHT, PARAMS[]
# Number of cameras: 379
1 SIMPLE_RADIAL 3840 2160 3180.3203696594742 1920 1080 0.039421385513005607
2 SIMPLE_RADIAL 3840 2160 3182.989660646158 1920 1080 0.03835606197095634
3 SIMPLE_RADIAL 3840 2160 3176.7491180129387 1920 1080 0.036875367860575846
4 SIMPLE_RADIAL 3840 2160 3203.4526457689917 1920 1080 0.02423192177143545
5 SIMPLE_RADIAL 3840 2160 3216.6903828740192 1920 1080 0.024449779317469833
6 SIMPLE_RADIAL 3840 2160 3240.8250865733403 1920 1080 0.011227726522851708
7 SIMPLE_RADIAL 3840 2160 3211.7076628482691 1920 1080 0.0044624943537486788
8 SIMPLE_RADIAL 3840 2160 3223.7797675306283 1920 1080 0.0020470001130288009
9 SIMPLE_RADIAL 3840 2160 3238.383229820523 1920 1080 0.0050711258128925008
10 SIMPLE_RADIAL 3840 2160 3258.0259783201486 1920 1080 0.0034468998642716259
11 SIMPLE_RADIAL 3840 2160 3263.6921198296136 1920 1080 0.0047527793220819266
12 SIMPLE_RADIAL 3840 2160 3266.8675541803027 1920 1080 -0.00029910011289620612
13 SIMPLE_RADIAL 3840 2160 3306.1135071226331 1920 1080 -0.012045839895703426
14 SIMPLE_RADIAL 3840 2160 3300.8483482647748 1920 1080 -0.0079703598593074357
15 SIMPLE_RADIAL 3840 2160 3319.1766385360775 1920 1080 -0.0087343565914863482
16 SIMPLE_RADIAL 3840 2160 3321.7260898991472 1920 1080 -0.015033534598694005
17 SIMPLE_RADIAL 3840 2160 3324.869878488872 1920 1080 -0.015265289333888592
18 SIMPLE_RADIAL 3840 2160 3334.376777321188 1920 1080 -0.019690027379289581
19 SIMPLE_RADIAL 3840 2160 3327.9892997104339 1920 1080 -0.015503056023418161
20 SIMPLE_RADIAL 3840 2160 3326.968703063857 1920 1080 -0.016834203127575317
21 SIMPLE_RADIAL 3840 2160 3319.491993121705 1920 1080 -0.0034901285277588179
22 SIMPLE_RADIAL 3840 2160 3313.0420241833267 1920 1080 -0.013818975905024643
23 SIMPLE_RADIAL 3840 2160 3304.8240044990475 1920 1080 -0.0044496733657365516
24 SIMPLE_RADIAL 3840 2160 3297.2109184459982 1920 1080 0.0065231912147076469
25 SIMPLE_RADIAL 3840 2160 3249.4618593568903 1920 1080 0.036513477966688322
26 SIMPLE_RADIAL 3840 2160 3287.8125236134074 1920 1080 0.015480937282818246
27 SIMPLE_RADIAL 3840 2160 3257.0950494105946 1920 1080 0.022240868971627161
28 SIMPLE_RADIAL 3840 2160 3225.6088861727098 1920 1080 0.017999832283743911
29 SIMPLE_RADIAL 3840 2160 3233.3648782861096 1920 1080 0.0093503334457774694
30 SIMPLE_RADIAL 3840 2160 3212.9913891339838 1920 1080 0.019440464506415241
31 SIMPLE_RADIAL 3840 2160 3202.8426408667574 1920 1080 0.024193843024607132
32 SIMPLE_RADIAL 3840 2160 3204.0644537667258 1920 1080 0.027064534820614806
33 SIMPLE_RADIAL 3840 2160 3188.4299169892342 1920 1080 0.037317742625673528
34 SIMPLE_RADIAL 3840 2160 3178.5429901581792 1920 1080 0.042072769423508842
35 SIMPLE_RADIAL 3840 2160 3194.4471427191529 1920 1080 0.036640800403844931
36 SIMPLE_RADIAL 3840 2160 3185.1159032279379 1920 1080 0.040693293939630025
37 SIMPLE_RADIAL 3840 2160 3179.4698308527409 1920 1080 0.04574571144442266
38 SIMPLE_RADIAL 3840 2160 3182.9114637922644 1920 1080 0.046495223629257634
39 SIMPLE_RADIAL 3840 2160 3185.9797835333634 1920 1080 0.04363988667297037
40 SIMPLE_RADIAL 3840 2160 3197.014245083451 1920 1080 0.02984789447375923
41 SIMPLE_RADIAL 3840 2160 3196.1296738234523 1920 1080 0.020126050848974675
42 SIMPLE_RADIAL 3840 2160 3205.9641483047399 1920 1080 0.01257752512723651
43 SIMPLE_RADIAL 3840 2160 3213.0337469715296 1920 1080 0.013776296971703314
44 SIMPLE_RADIAL 3840 2160 3225.5542257915204 1920 1080 0.002927366622735426
45 SIMPLE_RADIAL 3840 2160 3216.5964277752737 1920 1080 -0.0040305812641418821
46 SIMPLE_RADIAL 3840 2160 3234.6003797465551 1920 1080 0.025187270481389475
47 SIMPLE_RADIAL 3840 2160 3216.2371270827189 1920 1080 0.05367231525134232
48 SIMPLE_RADIAL 3840 2160 3227.284283435456 1920 1080 0.050107401028050599
49 SIMPLE_RADIAL 3840 2160 3216.1336304157849 1920 1080 0.053697858652293845
50 SIMPLE_RADIAL 3840 2160 3259.7351256401785 1920 1080 0.060210149210889193
51 SIMPLE_RADIAL 3840 2160 3269.1390834676663 1920 1080 0.059355364784762332
52 SIMPLE_RADIAL 3840 2160 3287.6259889421622 1920 1080 0.052420353946198039
53 SIMPLE_RADIAL 3840 2160 3280.9827401987245 1920 1080 0.047625765937812037
54 SIMPLE_RADIAL 3840 2160 3283.9254126376345 1920 1080 0.0426971437688798
55 SIMPLE_RADIAL 3840 2160 3295.35250183569 1920 1080 0.038460815522123097
56 SIMPLE_RADIAL 3840 2160 3280.8058174345133 1920 1080 0.027830468272505515
57 SIMPLE_RADIAL 3840 2160 3290.5717497530627 1920 1080 0.01151402388806135
58 SIMPLE_RADIAL 3840 2160 3313.266777430948 1920 1080 -0.00043156763372522756
59 SIMPLE_RADIAL 3840 2160 3299.8304294918489 1920 1080 -0.011293302249316311
60 SIMPLE_RADIAL 3840 2160 3302.454927339887 1920 1080 -0.013995023582417155
61 SIMPLE_RADIAL 3840 2160 3288.9926492480486 1920 1080 -0.010865576940973908
62 SIMPLE_RADIAL 3840 2160 3285.9025159279636 1920 1080 0.003078881952329326
63 SIMPLE_RADIAL 3840 2160 3326.4150721471992 1920 1080 -0.018688865127578832
64 SIMPLE_RADIAL 3840 2160 3361.0571749818473 1920 1080 -0.037837047312203873
65 SIMPLE_RADIAL 3840 2160 3369.7176426718788 1920 1080 -0.045297366053047516
66 SIMPLE_RADIAL 3840 2160 3272.4631994902911 1920 1080 -0.047173477065166565
67 SIMPLE_RADIAL 3840 2160 3323.514620146821 1920 1080 -0.061883415708074374
68 SIMPLE_RADIAL 3840 2160 3310.1725568829347 1920 1080 -0.038075056469377859
69 SIMPLE_RADIAL 3840 2160 3365.903489316112 1920 1080 -0.026395957565954566
70 SIMPLE_RADIAL 3840 2160 3341.5823992021601 1920 1080 -0.011958784006363821
71 SIMPLE_RADIAL 3840 2160 3302.4754266245527 1920 1080 -0.0087658357880584185
72 SIMPLE_RADIAL 3840 2160 3302.6052702506463 1920 1080 -0.0039902126865962685
73 SIMPLE_RADIAL 3840 2160 3306.4216972373229 1920 1080 0.0015972193208362239
74 SIMPLE_RADIAL 3840 2160 3255.1731407961897 1920 1080 -0.016564625323088826
75 SIMPLE_RADIAL 3840 2160 3287.6187303673619 1920 1080 -0.030412924326517526
76 SIMPLE_RADIAL 3840 2160 3300.7086797403563 1920 1080 -0.041168690647129705
77 SIMPLE_RADIAL 3840 2160 3300.7137727076324 1920 1080 -0.013777785654497714
78 SIMPLE_RADIAL 3840 2160 3278.7648048278397 1920 1080 -0.018572958689116098
79 SIMPLE_RADIAL 3840 2160 3347.6534110442017 1920 1080 -0.039826398742185957
80 SIMPLE_RADIAL 3840 2160 3355.7717643686465 1920 1080 -0.032228751664059911
81 SIMPLE_RADIAL 3840 2160 3258.8076284514177 1920 1080 -0.018538451499233506
82 SIMPLE_RADIAL 3840 2160 3244.9755678380056 1920 1080 -0.01561531169618399
83 SIMPLE_RADIAL 3840 2160 3225.2560510174344 1920 1080 -0.0089725310658637421
84 SIMPLE_RADIAL 3840 2160 3209.097940085152 1920 1080 0.025013641770619956
85 SIMPLE_RADIAL 3840 2160 3199.8624890001315 1920 1080 0.034708586894612738
86 SIMPLE_RADIAL 3840 2160 3193.5174236015537 1920 1080 0.054796603428839387
87 SIMPLE_RADIAL 3840 2160 3171.8103407848789 1920 1080 0.065707177541802622
88 SIMPLE_RADIAL 3840 2160 3147.1644668419099 1920 1080 0.085008657893513598
89 SIMPLE_RADIAL 3840 2160 3136.4938398146519 1920 1080 0.097060479942160882
90 SIMPLE_RADIAL 3840 2160 3151.5818820576569 1920 1080 0.088139453754357402
91 SIMPLE_RADIAL 3840 2160 3178.8220335093065 1920 1080 0.069691605063514836
92 SIMPLE_RADIAL 3840 2160 3197.0704494667493 1920 1080 0.058382673796877498
93 SIMPLE_RADIAL 3840 2160 3193.9064832634922 1920 1080 0.051175357573941434
94 SIMPLE_RADIAL 3840 2160 3202.7502793992585 1920 1080 0.047228530863011181
95 SIMPLE_RADIAL 3840 2160 3216.7787103756709 1920 1080 0.033779330551167198
96 SIMPLE_RADIAL 3840 2160 3208.7404361900349 1920 1080 0.040752754583318444
97 SIMPLE_RADIAL 3840 2160 3235.0335029060934 1920 1080 0.029723927420020634
98 SIMPLE_RADIAL 3840 2160 3250.9762418480441 1920 1080 0.018901704123885782
99 SIMPLE_RADIAL 3840 2160 3242.2022329674246 1920 1080 -0.0020237651923882822
100 SIMPLE_RADIAL 3840 2160 3247.8520772918578 1920 1080 -0.0041782092888931061
101 SIMPLE_RADIAL 3840 2160 3254.1291345431291 1920 1080 -0.0093217395147194709
102 SIMPLE_RADIAL 3840 2160 3253.3801323182929 1920 1080 -0.0060650509878953851
103 SIMPLE_RADIAL 3840 2160 3259.6533904211765 1920 1080 -0.0072110559951984619
104 SIMPLE_RADIAL 3840 2160 3255.0269084436218 1920 1080 0.0013357060352942999
105 SIMPLE_RADIAL 3840 2160 3257.9999322125173 1920 1080 0.005120533926333483
106 SIMPLE_RADIAL 3840 2160 3233.056142676056 1920 1080 0.012015688179183611
107 SIMPLE_RADIAL 3840 2160 3226.3412729704787 1920 1080 0.010984501672575371
108 SIMPLE_RADIAL 3840 2160 3207.59854823876 1920 1080 0.027062050509958704
109 SIMPLE_RADIAL 3840 2160 3219.5848612855611 1920 1080 0.019033581778328951
110 SIMPLE_RADIAL 3840 2160 3221.1929811339064 1920 1080 0.0086580182698190716
111 SIMPLE_RADIAL 3840 2160 3337.6991768348971 1920 1080 -0.027669982522990723
112 SIMPLE_RADIAL 3840 2160 3396.1314398225545 1920 1080 -0.036180431782488011
113 SIMPLE_RADIAL 3840 2160 3280.9587680009417 1920 1080 -0.0094142853389661933
114 SIMPLE_RADIAL 3840 2160 3218.7457059212948 1920 1080 0.036570544254048584
115 SIMPLE_RADIAL 3840 2160 3357.1839540090909 1920 1080 0.048624353063169583
116 SIMPLE_RADIAL 3840 2160 3235.7236323303728 1920 1080 0.10994815382028686
117 SIMPLE_RADIAL 3840 2160 3191.9468744939945 1920 1080 0.1451767332956114
118 SIMPLE_RADIAL 3840 2160 3201.6011117337844 1920 1080 0.13733138028303604
119 SIMPLE_RADIAL 3840 2160 3191.0120245365538 1920 1080 0.13012295437757332
120 SIMPLE_RADIAL 3840 2160 3182.2492169862039 1920 1080 0.1202577596708066
121 SIMPLE_RADIAL 3840 2160 3165.2142759334151 1920 1080 0.14034256144905996
122 SIMPLE_RADIAL 3840 2160 3171.8638209855635 1920 1080 0.14463429716710435
123 SIMPLE_RADIAL 3840 2160 3174.9882615740626 1920 1080 0.13759833883695186
124 SIMPLE_RADIAL 3840 2160 3194.8101157064129 1920 1080 0.11672929552774867
125 SIMPLE_RADIAL 3840 2160 3182.5366364722654 1920 1080 0.11754672128904496
126 SIMPLE_RADIAL 3840 2160 3185.6056018543859 1920 1080 0.11180857535428373
127 SIMPLE_RADIAL 3840 2160 3201.1912582655532 1920 1080 0.10093935617629998
128 SIMPLE_RADIAL 3840 2160 3202.7857654697095 1920 1080 0.097282775341467703
129 SIMPLE_RADIAL 3840 2160 3217.7905616299627 1920 1080 0.086873967477644781
130 SIMPLE_RADIAL 3840 2160 3226.8794511778074 1920 1080 0.065147667555900818
131 SIMPLE_RADIAL 3840 2160 3261.7784110503349 1920 1080 0.034207565403898327
132 SIMPLE_RADIAL 3840 2160 3283.3935970651123 1920 1080 0.013138282750700201
133 SIMPLE_RADIAL 3840 2160 3302.8479863141238 1920 1080 0.004324105936270149
134 SIMPLE_RADIAL 3840 2160 3296.9765490619534 1920 1080 -0.0033800567755333942
135 SIMPLE_RADIAL 3840 2160 3303.8307726477019 1920 1080 -0.0078779133080874465
136 SIMPLE_RADIAL 3840 2160 3297.6647032522369 1920 1080 -0.013491445909356544
137 SIMPLE_RADIAL 3840 2160 3286.0877585909393 1920 1080 -0.01719953655061951
138 SIMPLE_RADIAL 3840 2160 3251.5181602588868 1920 1080 -0.012920733138793062
139 SIMPLE_RADIAL 3840 2160 3238.7942721486284 1920 1080 0.0049918049723750796
140 SIMPLE_RADIAL 3840 2160 3277.0080747029024 1920 1080 0.036505454027007722
141 SIMPLE_RADIAL 3840 2160 3266.2156888657646 1920 1080 0.045239765559281164
142 SIMPLE_RADIAL 3840 2160 3242.0267727040109 1920 1080 0.06770956787989775
143 SIMPLE_RADIAL 3840 2160 3220.8155540764628 1920 1080 0.083014823970327778
144 SIMPLE_RADIAL 3840 2160 3220.7207717851952 1920 1080 0.087455269240548708
145 SIMPLE_RADIAL 3840 2160 3226.821523077429 1920 1080 0.088383047975333057
146 SIMPLE_RADIAL 3840 2160 3241.861942082624 1920 1080 0.084526239030122838
147 SIMPLE_RADIAL 3840 2160 3240.346456563253 1920 1080 0.08229240784932651
148 SIMPLE_RADIAL 3840 2160 3217.9547577940789 1920 1080 0.098919518001839346
149 SIMPLE_RADIAL 3840 2160 3219.8538457044683 1920 1080 0.086677382127616151
150 SIMPLE_RADIAL 3840 2160 3239.9075641115178 1920 1080 0.077050171353475985
151 SIMPLE_RADIAL 3840 2160 3241.9384181695682 1920 1080 0.065811583948258978
152 SIMPLE_RADIAL 3840 2160 3239.143362711909 1920 1080 0.043134066378970562
153 SIMPLE_RADIAL 3840 2160 3244.5455487432578 1920 1080 0.054508738869425533
154 SIMPLE_RADIAL 3840 2160 3242.9476598818733 1920 1080 0.061776729669714085
155 SIMPLE_RADIAL 3840 2160 3241.8701364129265 1920 1080 0.068521415756395837
156 SIMPLE_RADIAL 3840 2160 3224.0049610003462 1920 1080 0.067615277062865187
157 SIMPLE_RADIAL 3840 2160 3254.6076333112892 1920 1080 0.039290011778713912
158 SIMPLE_RADIAL 3840 2160 3252.287056031781 1920 1080 0.028464399573601109
159 SIMPLE_RADIAL 3840 2160 3276.6998040980166 1920 1080 0.024303047615697373
160 SIMPLE_RADIAL 3840 2160 3289.5542402693663 1920 1080 0.015862366403242005
161 SIMPLE_RADIAL 3840 2160 3271.5626639544903 1920 1080 0.01778275471827365
162 SIMPLE_RADIAL 3840 2160 3275.620419589879 1920 1080 0.021807525955121261
163 SIMPLE_RADIAL 3840 2160 3274.2789147035514 1920 1080 0.0071886280573063141
164 SIMPLE_RADIAL 3840 2160 3266.1529051775528 1920 1080 0.0069061077082035243
165 SIMPLE_RADIAL 3840 2160 3290.7798630549596 1920 1080 0.0039991025016387176
166 SIMPLE_RADIAL 3840 2160 3286.2945153835012 1920 1080 0.0056942247866491255
167 SIMPLE_RADIAL 3840 2160 3277.6866489294007 1920 1080 0.0034529096041378622
168 SIMPLE_RADIAL 3840 2160 3247.5611452296903 1920 1080 0.019132073575236681
169 SIMPLE_RADIAL 3840 2160 3250.6782292991993 1920 1080 0.027453592627081809
170 SIMPLE_RADIAL 3840 2160 3287.9033807728811 1920 1080 0.014635154626439013
171 SIMPLE_RADIAL 3840 2160 3277.847805778486 1920 1080 0.027880600296204663
172 SIMPLE_RADIAL 3840 2160 3286.2346200396537 1920 1080 0.036239238657734964
173 SIMPLE_RADIAL 3840 2160 3281.8323151017312 1920 1080 0.044627048833674555
174 SIMPLE_RADIAL 3840 2160 3279.5457132697743 1920 1080 0.047306632441376215
175 SIMPLE_RADIAL 3840 2160 3283.1956577350065 1920 1080 0.043663572525096901
176 SIMPLE_RADIAL 3840 2160 3281.7676979199482 1920 1080 0.042849441681596823
177 SIMPLE_RADIAL 3840 2160 3294.3808391497437 1920 1080 0.048564147665226147
178 SIMPLE_RADIAL 3840 2160 3311.3735387690781 1920 1080 0.052668283722471586
179 SIMPLE_RADIAL 3840 2160 3362.0170100161017 1920 1080 0.036100728413588246
180 SIMPLE_RADIAL 3840 2160 3304.5306892387462 1920 1080 0.039641078423310508
181 SIMPLE_RADIAL 3840 2160 3332.3933357432311 1920 1080 0.047699501966227346
182 SIMPLE_RADIAL 3840 2160 3312.4892712341698 1920 1080 0.043041920435842547
183 SIMPLE_RADIAL 3840 2160 3311.187200199005 1920 1080 0.05496584838633798
184 SIMPLE_RADIAL 3840 2160 3293.0833751639439 1920 1080 0.078593127830380208
185 SIMPLE_RADIAL 3840 2160 3277.062334571759 1920 1080 0.079957800837023807
186 SIMPLE_RADIAL 3840 2160 3351.2234580472086 1920 1080 0.056776589628947841
187 SIMPLE_RADIAL 3840 2160 3261.8605692456094 1920 1080 0.037680626359708994
188 SIMPLE_RADIAL 3840 2160 3227.7081232996475 1920 1080 0.031926634381528249
189 SIMPLE_RADIAL 3840 2160 3307.3542235118084 1920 1080 0.033397643500233824
190 SIMPLE_RADIAL 3840 2160 3311.2835621302715 1920 1080 0.030187038437966909
191 SIMPLE_RADIAL 3840 2160 3319.5527049416273 1920 1080 0.02890903215425767
192 SIMPLE_RADIAL 3840 2160 3326.3798513429874 1920 1080 0.024266045723789768
193 SIMPLE_RADIAL 3840 2160 3332.3228734939012 1920 1080 0.012101912324552339
194 SIMPLE_RADIAL 3840 2160 3323.1398658344146 1920 1080 0.0086635357676435407
195 SIMPLE_RADIAL 3840 2160 3350.70073679703 1920 1080 -0.00020244178692523828
196 SIMPLE_RADIAL 3840 2160 3360.7804231283944 1920 1080 -0.0025957832851250797
197 SIMPLE_RADIAL 3840 2160 3353.4617665062242 1920 1080 -0.0036498023550277855
198 SIMPLE_RADIAL 3840 2160 3350.0911969738809 1920 1080 -0.0054508881635547931
199 SIMPLE_RADIAL 3840 2160 3334.7890830548445 1920 1080 -0.0063834834230856409
200 SIMPLE_RADIAL 3840 2160 3310.3438496130666 1920 1080 0.0095994960974014869
201 SIMPLE_RADIAL 3840 2160 3354.1931890931428 1920 1080 0.0096636664589550714
202 SIMPLE_RADIAL 3840 2160 3322.7157217527601 1920 1080 0.022900073275219989
203 SIMPLE_RADIAL 3840 2160 3321.388741989816 1920 1080 0.031098263942057572
204 SIMPLE_RADIAL 3840 2160 3331.8659051737782 1920 1080 0.03207337783005796
205 SIMPLE_RADIAL 3840 2160 3322.8685238963694 1920 1080 0.038456730713831273
206 SIMPLE_RADIAL 3840 2160 3305.4873327391206 1920 1080 0.050969056431559544
207 SIMPLE_RADIAL 3840 2160 3301.846606397201 1920 1080 0.045577455822349011
208 SIMPLE_RADIAL 3840 2160 3290.5338102133937 1920 1080 0.05218049266634199
209 SIMPLE_RADIAL 3840 2160 3293.1445706153363 1920 1080 0.050339673862852513
210 SIMPLE_RADIAL 3840 2160 3311.1331489157546 1920 1080 0.042604092411617715
211 SIMPLE_RADIAL 3840 2160 3298.381674567006 1920 1080 0.032554891091121356
212 SIMPLE_RADIAL 3840 2160 3290.7618132400166 1920 1080 0.030381857149719745
213 SIMPLE_RADIAL 3840 2160 3286.3711131210589 1920 1080 0.025850383408529357
214 SIMPLE_RADIAL 3840 2160 3251.5650422732438 1920 1080 0.020903867794658137
215 SIMPLE_RADIAL 3840 2160 3221.5643405694814 1920 1080 0.026022718741814249
216 SIMPLE_RADIAL 3840 2160 3187.896451937625 1920 1080 0.028899819074882899
217 SIMPLE_RADIAL 3840 2160 3228.9741416796178 1920 1080 0.029244414211715582
218 SIMPLE_RADIAL 3840 2160 3235.852318172052 1920 1080 0.027248337615722953
219 SIMPLE_RADIAL 3840 2160 3273.4147728440462 1920 1080 0.025433454349260469
220 SIMPLE_RADIAL 3840 2160 3275.9876354250869 1920 1080 0.02620263632006186
221 SIMPLE_RADIAL 3840 2160 3266.2991746994471 1920 1080 0.018598169718740596
222 SIMPLE_RADIAL 3840 2160 3250.1245238655592 1920 1080 0.012664605503306635
223 SIMPLE_RADIAL 3840 2160 3244.2975286705919 1920 1080 0.031685719057724951
224 SIMPLE_RADIAL 3840 2160 3229.4524708966464 1920 1080 0.015711873952823332
225 SIMPLE_RADIAL 3840 2160 3245.961946927157 1920 1080 0.014808133889803869
226 SIMPLE_RADIAL 3840 2160 3250.5371166210639 1920 1080 0.015412904136615632
227 SIMPLE_RADIAL 3840 2160 3247.7247603681049 1920 1080 0.02161136598807694
228 SIMPLE_RADIAL 3840 2160 3230.4279061912016 1920 1080 0.024664889536368414
229 SIMPLE_RADIAL 3840 2160 3217.4193078502826 1920 1080 0.032334368852697283
230 SIMPLE_RADIAL 3840 2160 3245.8410541025601 1920 1080 0.036327331859653519
231 SIMPLE_RADIAL 3840 2160 3231.734793112124 1920 1080 0.035827397926962733
232 SIMPLE_RADIAL 3840 2160 3247.435116666667 1920 1080 0.018053808559241224
233 SIMPLE_RADIAL 3840 2160 3253.4158690422469 1920 1080 0.027000567042861613
234 SIMPLE_RADIAL 3840 2160 3241.027014046057 1920 1080 0.020772423694063995
235 SIMPLE_RADIAL 3840 2160 3235.9438305952194 1920 1080 0.025081750391254869
236 SIMPLE_RADIAL 3840 2160 3222.1550309409799 1920 1080 0.024616633718764169
237 SIMPLE_RADIAL 3840 2160 3224.3789402530747 1920 1080 0.024439154974907375
238 SIMPLE_RADIAL 3840 2160 3223.9328493499365 1920 1080 0.018956013408603398
239 SIMPLE_RADIAL 3840 2160 3268.6575278430196 1920 1080 -0.0033894527039207392
240 SIMPLE_RADIAL 3840 2160 3285.4921918252498 1920 1080 -0.0094115820650429293
241 SIMPLE_RADIAL 3840 2160 3228.3436474193059 1920 1080 -0.0081617179125899556
242 SIMPLE_RADIAL 3840 2160 3311.5129642970319 1920 1080 -0.015339863373006911
243 SIMPLE_RADIAL 3840 2160 3257.440820498673 1920 1080 -0.0051920593475310835
244 SIMPLE_RADIAL 3840 2160 3270.4109939024947 1920 1080 -0.0085439502720835395
245 SIMPLE_RADIAL 3840 2160 3287.4702550277425 1920 1080 -0.009008372100005017
246 SIMPLE_RADIAL 3840 2160 3270.1502305775293 1920 1080 -0.0094962725507848761
247 SIMPLE_RADIAL 3840 2160 3219.3313554488986 1920 1080 -0.0031790101138243821
248 SIMPLE_RADIAL 3840 2160 3264.3363896954156 1920 1080 -0.0077019770373711145
249 SIMPLE_RADIAL 3840 2160 3295.6393733209297 1920 1080 -0.01447836200329527
250 SIMPLE_RADIAL 3840 2160 3252.1384141335197 1920 1080 0.00091891618073441472
252 SIMPLE_RADIAL 3840 2160 3256.5045265453141 1920 1080 0.0096515169841739322
253 SIMPLE_RADIAL 3840 2160 3257.288977852817 1920 1080 -0.00015368840502374021
254 SIMPLE_RADIAL 3840 2160 3335.9796478364733 1920 1080 0.014360831061506476
255 SIMPLE_RADIAL 3840 2160 3231.3158075100196 1920 1080 0.036075386795172179
256 SIMPLE_RADIAL 3840 2160 3187.0761351903561 1920 1080 0.045365220634701831
257 SIMPLE_RADIAL 3840 2160 3271.4963317642778 1920 1080 0.013296866981076823
258 SIMPLE_RADIAL 3840 2160 3242.1388404720628 1920 1080 0.041726841385813347
260 SIMPLE_RADIAL 3840 2160 3218.2432327676756 1920 1080 0.042408594900219171
261 SIMPLE_RADIAL 3840 2160 3247.6531260981706 1920 1080 0.024482633503810906
262 SIMPLE_RADIAL 3840 2160 3202.3818535462756 1920 1080 0.026277667307431932
263 SIMPLE_RADIAL 3840 2160 3261.7447395095701 1920 1080 0.021625346837015138
264 SIMPLE_RADIAL 3840 2160 3239.3422592985012 1920 1080 0.011099943962724306
265 SIMPLE_RADIAL 3840 2160 3251.8249958072779 1920 1080 0.010574747211492543
266 SIMPLE_RADIAL 3840 2160 3264.2265870045176 1920 1080 0.01053991961458001
267 SIMPLE_RADIAL 3840 2160 3256.1665071393277 1920 1080 0.0023066301194551255
268 SIMPLE_RADIAL 3840 2160 3231.6063574149093 1920 1080 0.017020264084317331
269 SIMPLE_RADIAL 3840 2160 3243.3873955556792 1920 1080 0.011953721523120806
270 SIMPLE_RADIAL 3840 2160 3244.5666836073146 1920 1080 0.011653892108923347
271 SIMPLE_RADIAL 3840 2160 3285.9642149738411 1920 1080 0.0023513201321936966
272 SIMPLE_RADIAL 3840 2160 3291.4340321144523 1920 1080 0.00072610412835145456
273 SIMPLE_RADIAL 3840 2160 3294.2309887387514 1920 1080 0.00042753103765975334
274 SIMPLE_RADIAL 3840 2160 3292.2147965483041 1920 1080 -0.00039161150180841274
275 SIMPLE_RADIAL 3840 2160 3319.2128318217678 1920 1080 -0.00689384836377239
276 SIMPLE_RADIAL 3840 2160 3262.4603678361705 1920 1080 0.0018398938802287289
277 SIMPLE_RADIAL 3840 2160 3280.6467205705485 1920 1080 -0.0033309339269118336
278 SIMPLE_RADIAL 3840 2160 3274.056655306179 1920 1080 -0.001492122198851807
279 SIMPLE_RADIAL 3840 2160 3261.6960717254501 1920 1080 0.0056178938103685115
280 SIMPLE_RADIAL 3840 2160 3257.9023295410161 1920 1080 0.0030082920651469274
281 SIMPLE_RADIAL 3840 2160 3241.1243559584227 1920 1080 0.0037286834116790151
282 SIMPLE_RADIAL 3840 2160 3243.1527017498333 1920 1080 0.0074381044266796032
283 SIMPLE_RADIAL 3840 2160 3249.4701166368563 1920 1080 0.0013184162334009175
284 SIMPLE_RADIAL 3840 2160 3253.3141728538294 1920 1080 -0.0029348464198458418
285 SIMPLE_RADIAL 3840 2160 3221.0824436595717 1920 1080 -0.010427539173854547
286 SIMPLE_RADIAL 3840 2160 3231.4105786383011 1920 1080 0.00042809290290023747
287 SIMPLE_RADIAL 3840 2160 3219.5516900467064 1920 1080 2.4866942098489439e-05
288 SIMPLE_RADIAL 3840 2160 3229.6313983524733 1920 1080 0.0028206561664080986
289 SIMPLE_RADIAL 3840 2160 3230.6731004476219 1920 1080 0.0066496205728072367
290 SIMPLE_RADIAL 3840 2160 3221.743014621672 1920 1080 0.0019387108740822831
291 SIMPLE_RADIAL 3840 2160 3257.6256351560555 1920 1080 -0.012002229484267166
292 SIMPLE_RADIAL 3840 2160 3262.4845393684068 1920 1080 -0.012099023761297744
293 SIMPLE_RADIAL 3840 2160 3243.6523974807819 1920 1080 -0.039536106372718184
294 SIMPLE_RADIAL 3840 2160 3212.2518570627499 1920 1080 -0.0051911306966146301
295 SIMPLE_RADIAL 3840 2160 3211.42366189828 1920 1080 -0.018948054488423141
296 SIMPLE_RADIAL 3840 2160 3177.6757873749862 1920 1080 -0.001494617023495227
297 SIMPLE_RADIAL 3840 2160 3225.1390183955982 1920 1080 0.022063402119066433
298 SIMPLE_RADIAL 3840 2160 3169.7155187087687 1920 1080 0.015013377773545104
299 SIMPLE_RADIAL 3840 2160 3165.1184879515044 1920 1080 0.018611837741075762
300 SIMPLE_RADIAL 3840 2160 3148.6788379851541 1920 1080 0.016397250974336867
301 SIMPLE_RADIAL 3840 2160 3175.3258486074706 1920 1080 0.016935071764743039
302 SIMPLE_RADIAL 3840 2160 3162.0795113982244 1920 1080 0.012084539511945869
303 SIMPLE_RADIAL 3840 2160 3158.8673218271315 1920 1080 0.0082128349002127139
304 SIMPLE_RADIAL 3840 2160 3181.2026022341888 1920 1080 0.0029807783356969961
305 SIMPLE_RADIAL 3840 2160 3183.997370306387 1920 1080 0.00044352815105849525
306 SIMPLE_RADIAL 3840 2160 3149.3782246219384 1920 1080 0.027163151786566052
307 SIMPLE_RADIAL 3840 2160 3152.0908778942144 1920 1080 0.028003080423161901
308 SIMPLE_RADIAL 3840 2160 3109.3244764085671 1920 1080 0.026508665958369575
309 SIMPLE_RADIAL 3840 2160 3060.710669014175 1920 1080 0.010903096282375496
310 SIMPLE_RADIAL 3840 2160 3163.6068079132942 1920 1080 0.0054046064341796039
311 SIMPLE_RADIAL 3840 2160 3162.5354008947106 1920 1080 0.025957500242349576
312 SIMPLE_RADIAL 3840 2160 3133.0486642738169 1920 1080 0.032462248066390434
313 SIMPLE_RADIAL 3840 2160 3319.9852225915652 1920 1080 0.045333828941377823
314 SIMPLE_RADIAL 3840 2160 3136.3554566647854 1920 1080 0.046261677590324457
315 SIMPLE_RADIAL 3840 2160 3149.4949085727858 1920 1080 0.034197059041612091
316 SIMPLE_RADIAL 3840 2160 3159.6437477158802 1920 1080 0.036854861343870296
317 SIMPLE_RADIAL 3840 2160 3160.706222688354 1920 1080 0.046632421092467409
318 SIMPLE_RADIAL 3840 2160 3164.5591539415659 1920 1080 0.041347975019409698
319 SIMPLE_RADIAL 3840 2160 3164.3534875927794 1920 1080 0.032789970572553971
320 SIMPLE_RADIAL 3840 2160 3162.7306808279536 1920 1080 0.037549849636744986
321 SIMPLE_RADIAL 3840 2160 3178.0386596143744 1920 1080 0.031327851905906791
322 SIMPLE_RADIAL 3840 2160 3179.3475252159869 1920 1080 0.034451034356735438
323 SIMPLE_RADIAL 3840 2160 3188.3306577826875 1920 1080 0.031679013913308372
324 SIMPLE_RADIAL 3840 2160 3192.8384109565109 1920 1080 0.030307264612601532
325 SIMPLE_RADIAL 3840 2160 3183.613181550937 1920 1080 0.036555484100462207
326 SIMPLE_RADIAL 3840 2160 3180.0697619116563 1920 1080 0.032331671339286452
327 SIMPLE_RADIAL 3840 2160 3170.2975207787463 1920 1080 0.030229974458468305
328 SIMPLE_RADIAL 3840 2160 3201.923229972901 1920 1080 0.035184213052534059
329 SIMPLE_RADIAL 3840 2160 3171.054996035401 1920 1080 0.03264174417572302
330 SIMPLE_RADIAL 3840 2160 3220.6514411926964 1920 1080 0.021212876144220849
331 SIMPLE_RADIAL 3840 2160 3185.0358732911627 1920 1080 0.013857165634018932
332 SIMPLE_RADIAL 3840 2160 3151.3044506509104 1920 1080 0.0037224032010042172
333 SIMPLE_RADIAL 3840 2160 3218.9117871846538 1920 1080 0.011705379568914397
334 SIMPLE_RADIAL 3840 2160 3155.4417131299115 1920 1080 0.063739648811004621
335 SIMPLE_RADIAL 3840 2160 3228.0649247360698 1920 1080 0.0068500533245742295
336 SIMPLE_RADIAL 3840 2160 3312.6246556546207 1920 1080 0.0089744919290787872
337 SIMPLE_RADIAL 3840 2160 3250.1383519831334 1920 1080 -0.0082749135422415798
338 SIMPLE_RADIAL 3840 2160 2748.2831064031602 1920 1080 0.22564417124374606
339 SIMPLE_RADIAL 3840 2160 3233.1792273800761 1920 1080 0.00012513677688609111
340 SIMPLE_RADIAL 3840 2160 3277.86084424717 1920 1080 -0.0078981683750706296
341 SIMPLE_RADIAL 3840 2160 3289.7497454159279 1920 1080 -0.020025789131533685
342 SIMPLE_RADIAL 3840 2160 3265.1845950996226 1920 1080 -0.015510051983710565
343 SIMPLE_RADIAL 3840 2160 3288.4668787890882 1920 1080 -0.0082327777702433415
344 SIMPLE_RADIAL 3840 2160 3320.837768726466 1920 1080 -0.0035293390660073466
345 SIMPLE_RADIAL 3840 2160 3291.6971055846366 1920 1080 -0.018408942978738518
346 SIMPLE_RADIAL 3840 2160 3297.9623088666426 1920 1080 -0.016170846687030359
347 SIMPLE_RADIAL 3840 2160 3286.0625369550912 1920 1080 -0.0084079054289572849
348 SIMPLE_RADIAL 3840 2160 3255.2558092960135 1920 1080 -0.012833434228456668
349 SIMPLE_RADIAL 3840 2160 3257.690758334053 1920 1080 -0.018863490094325544
350 SIMPLE_RADIAL 3840 2160 3253.1685096975743 1920 1080 -0.010973123714390423
351 SIMPLE_RADIAL 3840 2160 3247.0250895135823 1920 1080 -0.01004140826656812
352 SIMPLE_RADIAL 3840 2160 3219.4561125038872 1920 1080 -0.011921543336424213
353 SIMPLE_RADIAL 3840 2160 3200.1345054012345 1920 1080 -0.0094801798566004365
354 SIMPLE_RADIAL 3840 2160 3221.3436025809669 1920 1080 0.017406755556970941
355 SIMPLE_RADIAL 3840 2160 3233.1537261453182 1920 1080 0.027563832124276058
356 SIMPLE_RADIAL 3840 2160 3228.4281613737371 1920 1080 0.028610536854242568
357 SIMPLE_RADIAL 3840 2160 3226.9182678771631 1920 1080 0.035621427334383712
358 SIMPLE_RADIAL 3840 2160 3236.9380371713164 1920 1080 -0.0019978414283679698
359 SIMPLE_RADIAL 3840 2160 3241.7716803013504 1920 1080 0.0065701954696533024
360 SIMPLE_RADIAL 3840 2160 3219.8389754583668 1920 1080 0.013160863198772226
361 SIMPLE_RADIAL 3840 2160 3217.368234728242 1920 1080 0.014432260685251677
362 SIMPLE_RADIAL 3840 2160 3252.2482186216657 1920 1080 0.014647351281678727
363 SIMPLE_RADIAL 3840 2160 3251.4533673532337 1920 1080 0.044084716681894183
364 SIMPLE_RADIAL 3840 2160 3247.5675973995126 1920 1080 0.034145673105092651
365 SIMPLE_RADIAL 3840 2160 3219.7992645264503 1920 1080 0.029387347627925785
366 SIMPLE_RADIAL 3840 2160 3230.36786579405 1920 1080 0.025987064557003753
367 SIMPLE_RADIAL 3840 2160 3220.1385578343015 1920 1080 0.024756063890096981
368 SIMPLE_RADIAL 3840 2160 3198.4388052895774 1920 1080 0.025215592240840336
369 SIMPLE_RADIAL 3840 2160 3158.146042705373 1920 1080 0.033549614706423911
370 SIMPLE_RADIAL 3840 2160 3204.5566023653205 1920 1080 0.032031364181936244
371 SIMPLE_RADIAL 3840 2160 3234.27201729632 1920 1080 0.029148483891106417
372 SIMPLE_RADIAL 3840 2160 3248.772279488298 1920 1080 0.022763734276655598
373 SIMPLE_RADIAL 3840 2160 3265.3898739796969 1920 1080 0.015380527805812897
374 SIMPLE_RADIAL 3840 2160 3262.5870216537273 1920 1080 0.011516361995915585
375 SIMPLE_RADIAL 3840 2160 3274.7494033200596 1920 1080 0.0026581299056235375
376 SIMPLE_RADIAL 3840 2160 3289.2749918904319 1920 1080 -0.0023034257219827345
377 SIMPLE_RADIAL 3840 2160 3285.7716416826233 1920 1080 -0.0050331417919635144
378 SIMPLE_RADIAL 3840 2160 3284.9348251794704 1920 1080 -0.010193566535743491
379 SIMPLE_RADIAL 3840 2160 3305.3217673626227 1920 1080 -0.015356374046878171
380 SIMPLE_RADIAL 3840 2160 3313.927420113615 1920 1080 -0.017069082840245449
381 SIMPLE_RADIAL 3840 2160 3300.8356817505332 1920 1080 -0.016964824642938713
